5 8 105
8 5 105
1 2 24
99 98 24
12 13 26
1 22 23
1 13 201
13 16 112
2 24 50
1 82 61
1 84 125
1 99 999
99 1 999
98 99 999
1 99 11
99 1 12
11 36 332
11 84 498
11 84 637
11 36 859
1 3 201
1 17 201
1 29 201
1 41 201
12 13 17
12 38 26
12 94 54
13 67 15
1 40 20
1 81 21
1 70 23
1 20 25
2 45 40
2 62 42
2 96 49
2 28 50
1 82 201
3 82 617
5 82 209
1 82 605
2 84 56
2 30 131
2 32 203
1 5 140
85 32 391
38 56 210
91 71 763
91 15 775
88 52 326
28 94 370
39 27 181
23 89 550
94 21 510
19 67 733
69 97 592
66 38 432
35 63 21
42 49 359
76 30 367
31 62 608
8 11 759
18 60 194
99 98 134
45 75 162
63 68 606
15 11 626
89 67 270
48 42 976
86 13 168
8 28 194
21 38 649
31 56 696
56 92 88
7 13 703
20 16 797
19 61 904
42 44 746
68 36 796
14 48 192
9 18 765
9 67 354
35 48 180
2 76 881
93 64 635
9 46 61
28 20 205
22 7 596
50 88 361
28 51 487
88 63 870
34 74 987
77 42 974
21 49 371
86 27 985
5 2 607
40 20 815
7 30 477
69 33 192
59 35 848
72 15 659
3 52 386
42 2 531
62 34 166
69 25 303
36 56 389
78 15 869
92 7 316
43 25 388
28 36 863
41 71 259
11 25 320
51 88 454
77 34 741
47 63 956
1 25 547
48 91 569
3 41 683
56 32 303
11 80 107
90 35 44
93 7 762
94 72 303
63 69 640
1 55 77
78 55 330
87 16 784
7 69 578
66 9 875
32 66 296
8 80 388
13 12 71
79 9 893
77 36 123
59 9 776
54 51 603
56 74 57
17 20 634
97 51 546
19 29 293
43 51 835
89 95 725
54 37 931
75 23 734
65 10 922
35 32 639
79 99 551
54 7 221
59 85 271
90 13 580
16 43 851
19 54 884
64 99 731
37 42 62
11 50 699
39 38 193
51 21 880
20 70 767
46 65 87
69 68 904
90 80 94
95 92 635
33 36 688
18 82 66
22 18 927
66 74 28
72 3 973
36 62 434
71 54 443
83 89 600
37 15 373
32 92 33
22 27 543
94 49 930
85 32 802
58 83 490
55 13 314
17 40 864
69 53 66
49 40 573
80 91 815
36 87 69
35 67 253
27 87 922
75 28 991
16 34 83
16 49 766
59 44 771
58 28 14
6 53 459
70 59 340
52 82 819
25 13 83
42 51 483
93 5 46
87 42 260
2 45 601
72 31 263
42 91 607
4 52 40
21 8 89
39 42 886
25 6 487
28 85 538
65 53 776
30 13 749
44 30 969
15 24 962
88 32 99
67 72 687
33 24 223
28 83 743
62 63 619
32 90 609
85 6 145
44 69 770
56 99 904
60 5 918
29 11 446
82 12 392
90 43 717
2 56 748
89 39 552
17 63 395
81 55 678
96 1 130
4 53 940
14 76 797
46 97 502
97 72 455
65 28 836
71 38 286
49 72 498
68 54 310
31 64 773
97 18 207
9 54 904
96 16 905
81 43 395
36 60 952
54 70 820
58 69 552
15 68 711
71 27 918
94 7 663
0 0 0
