2 3
-2 -1 3
0 1 3
2 3 3
2 2
-2 0 3
0 2 3
2 6
-3 3 1
-2 3 2
-1 3 3
0 3 4
1 3 5
2 3 6
2 6
-3 3 1
-3 2 2
-3 1 3
-3 0 4
-3 -1 5
-3 -2 6
16 18
-16 -15 12
-14 -13 12
-12 -11 12
-10 -9 12
-8 -7 12
-6 -5 12
-4 -3 12
-2 -1 12
0 1 12
2 3 12
4 5 12
6 7 12
8 9 12
10 11 12
12 13 12
14 15 12
16 17 12
-16 17 1
9 11
-9 -8 19
-7 -6 19
-5 -4 19
-3 -2 19
-1 0 19
1 2 19
3 4 19
5 6 19
7 8 19
9 10 19
-9 10 2
11 13
-12 -11 9
-10 -9 9
-8 -7 9
-6 -5 9
-4 -3 9
-2 -1 9
0 1 9
2 3 9
4 5 9
6 7 9
8 9 9
10 11 9
-12 11 2
2 4
-2 -1 17
0 1 17
2 3 17
-2 3 2
3 5
-4 -3 11
-2 -1 11
0 1 11
2 3 11
-4 3 3
3 5
-4 -3 15
-2 -1 15
0 1 15
2 3 15
-4 3 3
15 17
-15 -14 18
-13 -12 18
-11 -10 18
-9 -8 18
-7 -6 18
-5 -4 18
-3 -2 18
-1 0 18
1 2 18
3 4 18
5 6 18
7 8 18
9 10 18
11 12 18
13 14 18
15 16 18
-15 16 3
4 6
-5 -4 15
-3 -2 15
-1 0 15
1 2 15
3 4 15
-5 4 2
13 15
-13 -12 13
-11 -10 13
-9 -8 13
-7 -6 13
-5 -4 13
-3 -2 13
-1 0 13
1 2 13
3 4 13
5 6 13
7 8 13
9 10 13
11 12 13
13 14 13
-13 14 1
10 12
-11 -10 5
-9 -8 5
-7 -6 5
-5 -4 5
-3 -2 5
-1 0 5
1 2 5
3 4 5
5 6 5
7 8 5
9 10 5
-11 10 3
2 4
-2 -1 12
0 1 12
2 3 12
-2 3 1
10 12
-11 -10 5
-9 -8 5
-7 -6 5
-5 -4 5
-3 -2 5
-1 0 5
1 2 5
3 4 5
5 6 5
7 8 5
9 10 5
-11 10 1
11 13
-12 -11 12
-10 -9 12
-8 -7 12
-6 -5 12
-4 -3 12
-2 -1 12
0 1 12
2 3 12
4 5 12
6 7 12
8 9 12
10 11 12
-12 11 1
9 11
-9 -8 11
-7 -6 11
-5 -4 11
-3 -2 11
-1 0 11
1 2 11
3 4 11
5 6 11
7 8 11
9 10 11
-9 10 2
3 5
-4 -3 19
-2 -1 19
0 1 19
2 3 19
-4 3 3
1 3
-1 0 6
1 2 6
-1 2 1
17 19
-18 -17 13
-16 -15 13
-14 -13 13
-12 -11 13
-10 -9 13
-8 -7 13
-6 -5 13
-4 -3 13
-2 -1 13
0 1 13
2 3 13
4 5 13
6 7 13
8 9 13
10 11 13
12 13 13
14 15 13
16 17 13
-18 17 2
6 8
-6 -5 9
-4 -3 9
-2 -1 9
0 1 9
2 3 9
4 5 9
6 7 9
-6 7 2
2 4
-2 -1 17
0 1 17
2 3 17
-2 3 1
7 9
-8 -7 11
-6 -5 11
-4 -3 11
-2 -1 11
0 1 11
2 3 11
4 5 11
6 7 11
-8 7 3
3 5
-4 3 1
0 1 16
2 3 16
-4 -3 16
-2 -1 16
7 9
-8 7 3
6 7 10
-8 -7 10
-4 -3 10
4 5 10
2 3 10
-2 -1 10
0 1 10
-6 -5 10
5 7
-6 5 1
0 1 18
-6 -5 18
4 5 18
-2 -1 18
-4 -3 18
2 3 18
14 16
4 5 8
-12 -11 8
14 15 8
-6 -5 8
2 3 8
-8 -7 8
-14 15 2
0 1 8
10 11 8
6 7 8
-10 -9 8
-4 -3 8
8 9 8
12 13 8
-2 -1 8
-14 -13 8
12 14
9 10 14
-1 0 14
-3 -2 14
-7 -6 14
1 2 14
-9 -8 14
-13 12 3
-11 -10 14
7 8 14
-13 -12 14
5 6 14
11 12 14
-5 -4 14
3 4 14
17 19
-12 -11 19
-10 -9 19
-6 -5 19
8 9 19
16 17 19
-18 17 3
4 5 19
-18 -17 19
12 13 19
0 1 19
2 3 19
-8 -7 19
10 11 19
-4 -3 19
6 7 19
-2 -1 19
14 15 19
-16 -15 19
-14 -13 19
8 10
0 1 12
-2 -1 12
2 3 12
-6 -5 12
6 7 12
-8 9 3
4 5 12
-4 -3 12
-8 -7 12
8 9 12
4 6
-3 -2 12
1 2 12
-5 -4 12
-5 4 1
3 4 12
-1 0 12
15 17
-14 -13 17
0 1 17
8 9 17
-6 -5 17
-8 -7 17
-10 -9 17
-12 -11 17
12 13 17
-16 -15 17
-4 -3 17
-16 15 1
2 3 17
4 5 17
10 11 17
6 7 17
-2 -1 17
14 15 17
8 10
-3 -2 8
3 4 8
7 8 8
-9 8 1
-9 -8 8
-1 0 8
1 2 8
-5 -4 8
-7 -6 8
5 6 8
4 6
-3 -2 18
-5 -4 18
-5 4 1
1 2 18
3 4 18
-1 0 18
15 17
15 16 15
11 12 15
-13 -12 15
-7 -6 15
7 8 15
-11 -10 15
-1 0 15
1 2 15
-15 -14 15
3 4 15
-5 -4 15
13 14 15
-9 -8 15
9 10 15
5 6 15
-3 -2 15
-15 16 2
5 7
3 4 17
-5 6 1
-1 0 17
-3 -2 17
5 6 17
1 2 17
-5 -4 17
9 11
3 4 10
1 2 10
5 6 10
-9 10 3
7 8 10
9 10 10
-7 -6 10
-3 -2 10
-1 0 10
-9 -8 10
-5 -4 10
8 10
-1 0 14
-7 -6 14
-9 8 2
5 6 14
3 4 14
7 8 14
-9 -8 14
1 2 14
-5 -4 14
-3 -2 14
17 19
-6 -5 18
12 13 18
14 15 18
-16 -15 18
8 9 18
0 1 18
2 3 18
4 5 18
-2 -1 18
-14 -13 18
-18 -17 18
-4 -3 18
-8 -7 18
10 11 18
16 17 18
-12 -11 18
-10 -9 18
-18 17 3
6 7 18
4 6
1 2 19
-1 0 19
-5 -4 19
-3 -2 19
3 4 19
-5 4 1
13 15
1 2 8
-1 0 8
-13 -12 8
-5 -4 8
-3 -2 8
7 8 8
3 4 8
-9 -8 8
13 14 8
-7 -6 8
11 12 8
5 6 8
9 10 8
-11 -10 8
-13 14 3
6 8
-1 0 18
-7 6 3
5 6 18
-7 -6 18
-5 -4 18
3 4 18
1 2 18
-3 -2 18
8 10
2 3 8
4 5 8
-8 9 3
6 7 8
-4 -3 8
-6 -5 8
8 9 8
0 1 8
-2 -1 8
-8 -7 8
20 18
13 15 6
-15 -5 13
10 12 2
-9 6 6
-9 6 8
-19 15 11
15 20 6
14 20 11
18 20 15
0 13 9
-18 15 7
-19 5 6
-14 1 18
-3 9 8
8 10 9
5 7 9
-7 3 4
-8 -2 20
6 11
-9 -5 16
0 18 3
16 17 19
6 11 11
-9 15 11
-12 0 10
-19 -9 18
-17 -12 18
-13 18 11
10 19 9
3 8 7
7 0
1 8
-12 0 5
-13 17 5
-13 4 4
-9 -6 13
1 15 6
-15 -13 7
-13 14 2
-10 18 14
18 2
19 20 9
-15 -14 4
17 11
9 20 17
-19 -10 10
6 11 6
2 18 16
5 8 3
-11 -4 19
8 19 3
-18 -2 16
-1 11 20
9 12 17
-13 -1 11
13 0
20 13
14 15 2
14 16 12
-12 3 2
-5 8 15
-10 -4 8
-9 16 13
9 10 17
-19 13 3
3 17 12
15 20 2
-11 1 15
7 10 9
-15 1 4
2 0
20 3
14 18 17
15 18 12
-1 17 13
18 19
-5 20 9
-4 10 20
-10 18 1
1 2 12
-10 12 7
14 18 5
-8 19 20
-1 0 9
2 17 11
-2 9 18
16 18 14
19 20 18
-6 -2 5
7 16 1
1 13 14
19 20 5
-16 6 16
3 11 8
16 17 20
1 13
-4 3 1
-9 3 16
-2 12 20
-4 12 2
-13 12 3
-3 7 4
19 20 9
-9 5 18
18 20 13
-11 12 15
10 17 15
-9 16 1
16 18 9
6 8
5 12 4
-12 15 6
-9 11 1
8 18 3
-9 4 4
-16 8 4
-7 -5 17
15 18 12
2 14
-3 0 9
6 9 1
7 14 2
15 20 13
-4 -3 1
-2 2 7
-3 4 14
1 18 1
14 16 17
-14 10 5
-4 5 10
9 17 16
-15 -12 12
1 15 19
5 2
8 9 4
17 20 6
1 12
7 19 5
-10 -5 4
6 12 1
-8 0 11
-8 -3 8
-5 12 4
17 20 6
6 14 20
-18 9 1
13 19 14
16 20 1
-15 12 12
12 11
3 20 8
8 9 5
19 20 11
11 17 4
9 10 4
-12 20 17
3 18 2
13 14 4
6 16 9
1 11 18
-5 4 19
13 8
16 19 1
-16 15 17
6 7 9
11 15 19
2 14 5
-5 18 17
-10 10 17
-15 -13 14
1 20
13 16 4
-12 -8 4
2 5 16
-3 18 6
0 3 18
-5 -3 13
-2 8 9
17 18 8
-4 19 19
-10 9 2
13 14 4
13 16 17
2 7 10
19 20 14
-4 19 6
-20 -16 9
10 18 11
-14 18 11
3 10 20
19 20 9
17 3
17 18 11
-12 3 8
7 11 16
8 11
3 9 4
-14 19 5
-12 12 15
-20 13 19
-16 -8 20
5 10 5
18 19 7
6 20 18
17 18 11
11 18 17
-20 0 15
9 4
14 17 10
15 20 1
19 20 20
-6 -4 5
7 16
7 14 2
3 19 15
-20 -8 16
14 17 20
-5 18 3
12 16 10
15 16 1
-4 14 4
7 10 15
19 20 20
15 19 17
-13 10 4
-12 17 20
5 12 4
-4 8 11
-13 -10 17
14 20
-11 -8 9
12 19 12
-15 -11 13
-13 -9 1
10 12 5
7 18 3
18 19 2
10 15 7
-1 13 8
7 16 11
-14 7 16
15 18 5
7 16 14
10 14 4
-13 12 1
9 14 5
-1 6 5
-20 -7 7
-18 13 20
2 10 9
9 20
11 19 16
3 4 20
-5 20 18
-19 16 17
-18 13 11
-7 14 18
10 13 7
-6 19 9
-13 16 10
-11 -8 8
-17 5 5
4 12 15
-3 1 12
-11 20 5
-6 13 14
-13 -1 7
-8 8 18
-11 -2 3
-2 -1 3
14 18 20
7 4
-20 15 3
-19 6 1
18 20 18
-10 9 5
8 7
-20 14 12
-13 -8 11
1 3 19
-14 -1 4
5 11 15
-10 17 6
18 19 15
1 2
-12 2 20
9 18 4
11 6
8 14 20
9 13 6
6 8 18
12 15 3
-18 19 3
-4 9 8
17 7
18 19 18
-20 -18 13
-14 -1 1
-4 9 6
-2 0 7
4 6 14
13 19 1
17 5
17 19 15
-13 -2 13
-18 4 2
18 19 18
-3 15 13
9 3
6 10 9
-6 -1 9
-15 14 2
19 17
-16 20 11
-18 17 14
10 11 13
7 18 19
1 19 1
-20 -2 17
6 18 10
9 12 16
-16 0 17
-15 -10 13
-1 9 16
6 7 7
18 19 19
-12 12 20
-4 18 13
-6 4 13
12 19 14
15 7
2 16 9
6 15 8
-9 -4 7
17 18 9
-20 12 17
9 19 10
16 20 2
10 2
-16 -14 6
2 4 10
2 17
-4 1 11
-15 -10 13
-15 13 8
15 17 2
-20 11 3
-2 16 13
-16 -2 3
16 18 4
17 18 5
-7 9 15
-10 -2 13
17 18 3
11 13 15
1 18 12
-18 4 9
-4 20 20
-1 12 9
9 5
-17 -16 19
-11 19 13
4 13 9
-10 13 12
14 17 8
19 7
-10 -4 15
-3 8 19
14 19 3
-7 6 18
-16 12 7
18 20 15
-20 0 20
17 7
-11 -4 11
14 17 14
10 13 16
-6 -4 5
-13 7 14
11 14 9
3 9 4
1 6
6 19 11
-2 13 15
2 5 11
-11 1 13
5 19 8
-3 7 9
7 15
-7 -6 3
-6 -5 4
-5 -4 5
-4 -3 6
-3 -2 7
-2 -1 8
-1 0 9
0 1 10
1 2 11
2 3 12
3 4 13
4 5 14
5 6 15
6 7 16
7 8 17
8 17
-8 -7 1
-7 -6 2
-6 -5 3
-5 -4 4
-4 -3 5
-3 -2 6
-2 -1 7
-1 0 8
0 1 9
1 2 10
2 3 11
3 4 12
4 5 13
5 6 14
6 7 15
7 8 16
8 9 17
2 5
-2 -1 10
-1 0 9
0 1 8
1 2 7
2 3 6
6 14
-7 -6 1
-6 -5 2
-5 -4 3
-4 -3 4
-3 -2 5
-2 -1 6
-1 0 7
0 1 8
1 2 9
2 3 10
3 4 11
4 5 12
5 6 13
6 7 14
4 10
-5 -4 17
-4 -3 16
-3 -2 15
-2 -1 14
-1 0 13
0 1 12
1 2 11
2 3 10
3 4 9
4 5 8
1 3
-1 0 14
0 1 15
1 2 16
2 5
-3 -2 8
-2 -1 9
-1 0 10
0 1 11
1 2 12
4 10
-5 -4 16
-4 -3 15
-3 -2 14
-2 -1 13
-1 0 12
0 1 11
1 2 10
2 3 9
3 4 8
4 5 7
3 7
-4 -3 7
-3 -2 6
-2 -1 5
-1 0 4
0 1 3
1 2 2
2 3 1
2 6
-3 -2 13
-2 -1 14
-1 0 15
0 1 16
1 2 17
2 3 18
3 7
-4 -3 4
-3 -2 5
-2 -1 6
-1 0 7
0 1 8
1 2 9
2 3 10
8 16
-8 -7 18
-7 -6 17
-6 -5 16
-5 -4 15
-4 -3 14
-3 -2 13
-2 -1 12
-1 0 11
0 1 10
1 2 9
2 3 8
3 4 7
4 5 6
5 6 5
6 7 4
7 8 3
8 17
-9 -8 1
-8 -7 2
-7 -6 3
-6 -5 4
-5 -4 5
-4 -3 6
-3 -2 7
-2 -1 8
-1 0 9
0 1 10
1 2 11
2 3 12
3 4 13
4 5 14
5 6 15
6 7 16
7 8 17
7 16
-8 -7 18
-7 -6 17
-6 -5 16
-5 -4 15
-4 -3 14
-3 -2 13
-2 -1 12
-1 0 11
0 1 10
1 2 9
2 3 8
3 4 7
4 5 6
5 6 5
6 7 4
7 8 3
7 15
-7 -6 18
-6 -5 17
-5 -4 16
-4 -3 15
-3 -2 14
-2 -1 13
-1 0 12
0 1 11
1 2 10
2 3 9
3 4 8
4 5 7
5 6 6
6 7 5
7 8 4
8 17
-8 -7 2
-7 -6 3
-6 -5 4
-5 -4 5
-4 -3 6
-3 -2 7
-2 -1 8
-1 0 9
0 1 10
1 2 11
2 3 12
3 4 13
4 5 14
5 6 15
6 7 16
7 8 17
8 9 18
3 8
-4 -3 2
-3 -2 3
-2 -1 4
-1 0 5
0 1 6
1 2 7
2 3 8
3 4 9
4 9
-5 -4 1
-4 -3 2
-3 -2 3
-2 -1 4
-1 0 5
0 1 6
1 2 7
2 3 8
3 4 9
6 14
-7 -6 16
-6 -5 15
-5 -4 14
-4 -3 13
-3 -2 12
-2 -1 11
-1 0 10
0 1 9
1 2 8
2 3 7
3 4 6
4 5 5
5 6 4
6 7 3
6 12
-6 -5 7
-5 -4 8
-4 -3 9
-3 -2 10
-2 -1 11
-1 0 12
0 1 13
1 2 14
2 3 15
3 4 16
4 5 17
5 6 18
3 7
0 1 15
-3 -2 12
-1 0 14
1 2 16
2 3 17
-2 -1 13
-4 -3 11
3 7
3 4 10
-2 -1 15
-1 0 14
2 3 11
0 1 13
-3 -2 16
1 2 12
1 2
0 1 4
-1 0 3
5 11
-3 -2 13
0 1 10
3 4 7
2 3 8
-6 -5 16
4 5 6
-5 -4 15
-2 -1 12
-4 -3 14
1 2 9
-1 0 11
1 3
-1 0 4
1 2 6
0 1 5
4 9
-1 0 6
-3 -2 8
-2 -1 7
1 2 4
2 3 3
3 4 2
-5 -4 10
-4 -3 9
0 1 5
2 6
1 2 13
-2 -1 10
-3 -2 9
0 1 12
-1 0 11
2 3 14
6 13
-6 -5 18
1 2 11
-1 0 13
-4 -3 16
2 3 10
0 1 12
3 4 9
4 5 8
6 7 6
-2 -1 14
5 6 7
-3 -2 15
-5 -4 17
2 4
-1 0 13
-2 -1 14
0 1 12
1 2 11
2 5
-3 -2 12
-1 0 10
-2 -1 11
1 2 8
0 1 9
3 7
-3 -2 16
-4 -3 17
-2 -1 15
-1 0 14
1 2 12
2 3 11
0 1 13
5 11
-2 -1 8
1 2 5
0 1 6
-4 -3 10
4 5 2
-3 -2 9
-1 0 7
3 4 3
-5 -4 11
5 6 1
2 3 4
3 7
1 2 5
3 4 3
2 3 4
0 1 6
-1 0 7
-3 -2 9
-2 -1 8
6 13
-4 -3 4
-2 -1 6
-6 -5 2
-5 -4 3
1 2 9
3 4 11
0 1 8
-1 0 7
-3 -2 5
5 6 13
6 7 14
4 5 12
2 3 10
2 4
0 1 8
1 2 9
-2 -1 6
-1 0 7
3 7
2 3 12
-2 -1 16
1 2 13
0 1 14
-4 -3 18
-3 -2 17
-1 0 15
7 16
2 3 13
4 5 15
6 7 17
5 6 16
-7 -6 4
-5 -4 6
-2 -1 9
-3 -2 8
1 2 12
-1 0 10
3 4 14
-6 -5 5
-8 -7 3
0 1 11
7 8 18
-4 -3 7
8 17
-5 -4 4
0 1 9
-6 -5 3
3 4 12
6 7 15
-7 -6 2
-2 -1 7
7 8 16
-3 -2 6
2 3 11
5 6 14
4 5 13
-8 -7 1
-4 -3 5
8 9 17
-1 0 8
1 2 10
4 9
4 5 6
3 4 7
0 1 10
2 3 8
1 2 9
-4 -3 14
-1 0 11
-2 -1 12
-3 -2 13
7 16
3 4 6
6 7 3
-8 -7 17
-4 -3 13
1 2 8
5 6 4
-3 -2 12
-1 0 10
-2 -1 11
-6 -5 15
4 5 5
7 8 2
0 1 9
2 3 7
-7 -6 16
-5 -4 14
4 11
-9 3 14
19 20 15
-9 16 12
19 20 20
12 16 5
1 15 10
-20 -11 6
-3 12 2
-15 -3 19
4 7 6
-20 20 20
16 10
16 18 6
8 9 10
8 14 13
18 20 9
11 15 5
1 8 12
-19 16 13
3 14 18
-17 -11 8
-19 20 18
15 10
10 20 15
-5 18 18
6 7 13
12 19 5
16 18 9
-15 -13 3
7 16 10
12 19 4
-16 8 16
-16 20 18
20 19
-18 -15 17
-14 7 11
-12 13 12
-13 16 20
1 13 12
2 12 13
3 9 8
-10 -9 16
-13 4 15
7 8 13
-10 -9 16
6 10 19
-19 20 8
-16 -7 20
13 18 1
-5 8 7
9 14 5
-1 4 1
-19 20 20
8 5
-1 6 2
5 18 9
7 20 3
-11 12 19
-11 20 19
12 4
-17 14 1
-15 4 13
15 17 14
-17 17 14
19 2
-14 -11 18
-14 -11 18
17 3
4 5 1
-9 6 7
-9 6 7
1 5
8 19 17
1 8 18
12 19 11
18 19 10
1 19 18
18 2
10 13 18
10 13 18
13 18
4 13 16
15 20 18
-2 0 9
-20 14 15
17 19 17
15 20 16
-15 5 10
2 7 19
-1 8 17
-4 13 8
14 19 6
-14 -11 12
-16 14 6
-6 -2 18
-9 -3 3
14 18 5
8 14 20
-20 20 20
5 7
-12 19 12
16 19 12
10 13 9
3 5 19
0 7 8
-3 20 9
-12 20 19
19 6
-3 18 20
6 20 20
-9 17 17
10 17 14
19 20 9
-9 20 20
1 19
-2 20 2
-9 12 4
-18 14 11
12 14 2
-13 -3 10
6 14 14
0 15 9
-11 4 1
-4 16 1
-12 15 12
2 10 19
-16 20 7
11 15 3
-6 18 7
9 15 19
-6 15 20
-3 8 15
-9 13 17
-18 20 20
2 14
-14 3 13
-20 18 7
-6 9 20
9 12 16
13 19 14
-18 17 4
0 2 3
2 20 13
-6 16 19
-15 -4 10
1 19 20
4 14 2
4 16 14
-20 20 20
14 11
5 14 16
15 18 4
9 13 7
4 17 6
-2 7 11
-3 8 7
-16 12 2
-14 -6 5
-18 -1 12
-3 16 11
-18 18 16
1 16
8 10 7
4 20 14
7 11 14
-13 20 6
-12 16 9
11 20 9
16 20 3
9 15 10
11 17 17
-16 8 10
-15 18 20
-18 4 5
3 20 2
-19 3 20
-10 16 7
-19 20 20
3 11
8 14 2
5 11 11
-6 17 18
6 7 15
2 3 4
-7 -2 6
4 8 4
-9 14 15
-17 18 7
1 10 7
-17 18 18
8 2
-17 -3 14
-17 -3 14
3 16
-1 19 3
9 13 4
10 16 13
-16 16 18
8 16 8
5 19 12
-2 9 6
2 4 14
3 16 12
5 10 5
-12 -1 16
-9 2 18
-16 11 9
-1 12 3
16 19 14
-16 19 18
4 6
-20 -18 7
2 16 15
13 20 15
-20 20 15
-7 9 15
15 16 11
20 16
-3 12 3
3 17 5
-19 1 4
-20 2 13
-4 9 14
-14 11 18
15 16 12
-20 20 20
-20 16 15
-7 20 5
15 20 20
-14 6 3
13 16 13
-8 7 16
8 9 14
-6 11 14
19 14
-10 -6 13
18 20 14
-17 -4 2
-13 20 16
5 13 18
5 7 5
-3 4 19
-19 8 12
-19 20 20
3 6 4
-17 -2 5
-18 10 4
14 19 20
-9 -4 6
4 11
9 19 19
15 20 11
19 20 6
-1 10 20
-4 18 6
13 18 1
-20 20 20
16 17 3
-20 5 19
-7 14 10
15 18 3
12 11
-10 18 17
6 8 17
-12 2 4
-8 2 2
-17 19 20
6 9 15
-17 -11 15
16 19 12
5 7 2
-1 14 19
-7 -3 20
17 3
1 20 13
-13 20 14
-13 -5 14
19 15
3 7 8
3 7 11
-13 4 6
-19 4 3
5 14 18
-9 15 4
-18 8 19
-18 19 5
-5 18 5
-19 19 20
-10 3 11
6 14 15
-17 17 15
-5 5 19
-14 -12 20
7 20
-18 -12 17
16 18 9
-3 2 12
9 13 1
1 6 3
18 20 12
-19 20 17
-13 8 11
3 13 1
-18 -16 5
-13 7 2
1 2 2
11 20 6
-19 10 5
18 20 7
-14 5 17
13 18 7
-17 14 5
16 17 15
-8 11 9
4 12
3 9 13
10 15 15
16 19 8
-16 20 20
-12 18 16
-8 20 4
-10 20 20
-16 13 20
12 19 6
-6 15 17
-5 -2 6
10 17 17
11 2
-13 2 8
-13 2 8
8 20
9 15 19
-15 -5 17
7 10 8
12 19 5
18 19 4
-4 20 20
8 10 4
-16 9 8
13 14 13
3 17 12
-17 -15 19
-5 1 4
-6 -2 16
-5 19 12
-19 20 20
7 12 6
9 20 15
-5 15 7
-19 -1 7
-16 1 10
11 7
6 17 11
0 11 17
-13 -2 20
-13 20 20
-4 19 8
-7 10 15
15 20 19
14 19
-18 3 16
14 17 12
-19 15 16
-12 -3 18
-13 -11 4
-19 20 20
-6 12 16
-1 12 12
19 20 15
-6 1 2
2 16 7
2 8 11
12 14 8
-13 19 5
17 19 6
13 14 4
1 19 13
-1 10 20
18 20 7
17 15
-1 14 12
-13 0 16
-1 18 6
14 19 11
-6 7 15
-13 20 16
-6 20 15
15 20 2
3 13 3
-2 1 3
4 8 5
-4 -1 4
9 16 7
6 9 14
-12 -1 7
3 3
-11 18 18
17 18 18
-11 10 15
20 8
-10 20 19
-9 -3 1
-10 9 10
3 15 7
8 19 14
9 19 19
16 20 4
-9 -5 9
14 10
-12 14 7
-15 17 13
7 11 4
-2 11 16
-15 20 16
11 20 11
-2 10 12
-6 -5 14
-8 13 13
-3 14 12
4 12
-15 10 5
1 2 12
8 10 11
4 9 2
19 20 4
-14 18 11
15 19 9
-12 13 14
-14 8 10
-15 20 16
-14 7 16
-1 11 11
16 5
-10 18 17
-10 4 8
8 18 16
-8 1 17
-2 14 5
18 17
-11 -9 9
-15 -6 17
-9 15 20
16 19 19
16 20 15
-8 -2 1
-7 6 14
0 2 4
14 15 10
-11 -2 5
-20 20 20
16 19 2
10 11 18
-8 16 18
18 19 20
16 18 7
-20 -16 17
0 0
