2 3
-2 -1 3
0 1 3
2 3 3
2 2
-2 0 3
0 2 3
2 6
-3 3 1
-2 3 2
-1 3 3
0 3 4
1 3 5
2 3 6
2 6
-3 3 1
-3 2 2
-3 1 3
-3 0 4
-3 -1 5
-3 -2 6
5 7
-5 -4 10
-3 -2 10
-1 0 10
1 2 10
3 4 10
5 6 10
-5 6 2
16 18
-17 -16 11
-15 -14 11
-13 -12 11
-11 -10 11
-9 -8 11
-7 -6 11
-5 -4 11
-3 -2 11
-1 0 11
1 2 11
3 4 11
5 6 11
7 8 11
9 10 11
11 12 11
13 14 11
15 16 11
-17 16 1
8 10
-9 -8 19
-7 -6 19
-5 -4 19
-3 -2 19
-1 0 19
1 2 19
3 4 19
5 6 19
7 8 19
-9 8 3
17 19
-18 -17 19
-16 -15 19
-14 -13 19
-12 -11 19
-10 -9 19
-8 -7 19
-6 -5 19
-4 -3 19
-2 -1 19
0 1 19
2 3 19
4 5 19
6 7 19
8 9 19
10 11 19
12 13 19
14 15 19
16 17 19
-18 17 3
8 10
-8 -7 10
-6 -5 10
-4 -3 10
-2 -1 10
0 1 10
2 3 10
4 5 10
6 7 10
8 9 10
-8 9 3
1 3
-1 0 19
1 2 19
-1 2 2
17 19
-17 -16 12
-15 -14 12
-13 -12 12
-11 -10 12
-9 -8 12
-7 -6 12
-5 -4 12
-3 -2 12
-1 0 12
1 2 12
3 4 12
5 6 12
7 8 12
9 10 12
11 12 12
13 14 12
15 16 12
17 18 12
-17 18 3
10 12
-11 -10 9
-9 -8 9
-7 -6 9
-5 -4 9
-3 -2 9
-1 0 9
1 2 9
3 4 9
5 6 9
7 8 9
9 10 9
-11 10 1
14 16
-15 -14 15
-13 -12 15
-11 -10 15
-9 -8 15
-7 -6 15
-5 -4 15
-3 -2 15
-1 0 15
1 2 15
3 4 15
5 6 15
7 8 15
9 10 15
11 12 15
13 14 15
-15 14 3
10 12
-11 -10 12
-9 -8 12
-7 -6 12
-5 -4 12
-3 -2 12
-1 0 12
1 2 12
3 4 12
5 6 12
7 8 12
9 10 12
-11 10 3
3 5
-3 -2 13
-1 0 13
1 2 13
3 4 13
-3 4 2
7 9
-7 -6 9
-5 -4 9
-3 -2 9
-1 0 9
1 2 9
3 4 9
5 6 9
7 8 9
-7 8 1
11 13
-12 -11 19
-10 -9 19
-8 -7 19
-6 -5 19
-4 -3 19
-2 -1 19
0 1 19
2 3 19
4 5 19
6 7 19
8 9 19
10 11 19
-12 11 2
11 13
-11 -10 19
-9 -8 19
-7 -6 19
-5 -4 19
-3 -2 19
-1 0 19
1 2 19
3 4 19
5 6 19
7 8 19
9 10 19
11 12 19
-11 12 2
13 15
-14 -13 10
-12 -11 10
-10 -9 10
-8 -7 10
-6 -5 10
-4 -3 10
-2 -1 10
0 1 10
2 3 10
4 5 10
6 7 10
8 9 10
10 11 10
12 13 10
-14 13 3
15 17
-16 -15 9
-14 -13 9
-12 -11 9
-10 -9 9
-8 -7 9
-6 -5 9
-4 -3 9
-2 -1 9
0 1 9
2 3 9
4 5 9
6 7 9
8 9 9
10 11 9
12 13 9
14 15 9
-16 15 1
3 5
-4 -3 8
-2 -1 8
0 1 8
2 3 8
-4 3 2
17 19
-18 -17 6
-16 -15 6
-14 -13 6
-12 -11 6
-10 -9 6
-8 -7 6
-6 -5 6
-4 -3 6
-2 -1 6
0 1 6
2 3 6
4 5 6
6 7 6
8 9 6
10 11 6
12 13 6
14 15 6
16 17 6
-18 17 3
16 18
-17 -16 13
-15 -14 13
-13 -12 13
-11 -10 13
-9 -8 13
-7 -6 13
-5 -4 13
-3 -2 13
-1 0 13
1 2 13
3 4 13
5 6 13
7 8 13
9 10 13
11 12 13
13 14 13
15 16 13
-17 16 1
5 7
-5 -4 5
-3 -2 5
-1 0 5
1 2 5
3 4 5
5 6 5
-5 6 2
16 18
-4 -3 17
8 9 17
12 13 17
-6 -5 17
4 5 17
-14 -13 17
10 11 17
14 15 17
-16 17 2
2 3 17
16 17 17
6 7 17
-2 -1 17
-10 -9 17
-8 -7 17
-16 -15 17
-12 -11 17
0 1 17
17 19
-18 -17 5
-16 -15 5
-2 -1 5
4 5 5
-14 -13 5
-4 -3 5
-10 -9 5
8 9 5
6 7 5
16 17 5
2 3 5
12 13 5
10 11 5
-8 -7 5
-6 -5 5
-12 -11 5
14 15 5
-18 17 2
0 1 5
18 20
11 12 8
15 16 8
-3 -2 8
-5 -4 8
-19 -18 8
-13 -12 8
17 18 8
-11 -10 8
13 14 8
-15 -14 8
7 8 8
-1 0 8
-7 -6 8
-9 -8 8
5 6 8
3 4 8
-19 18 2
1 2 8
9 10 8
-17 -16 8
7 9
6 7 7
-6 -5 7
4 5 7
-8 -7 7
-4 -3 7
0 1 7
-8 7 2
2 3 7
-2 -1 7
9 11
8 9 11
2 3 11
0 1 11
-8 -7 11
-2 -1 11
-10 -9 11
-4 -3 11
6 7 11
4 5 11
-6 -5 11
-10 9 1
9 11
2 3 11
4 5 11
-10 9 3
-8 -7 11
6 7 11
-10 -9 11
-2 -1 11
-4 -3 11
8 9 11
0 1 11
-6 -5 11
6 8
-5 -4 18
-7 -6 18
3 4 18
-7 6 1
1 2 18
-3 -2 18
-1 0 18
5 6 18
7 9
6 7 16
-6 -5 16
-8 -7 16
2 3 16
-2 -1 16
0 1 16
4 5 16
-4 -3 16
-8 7 3
6 8
-7 -6 9
-7 6 2
-1 0 9
3 4 9
1 2 9
-3 -2 9
-5 -4 9
5 6 9
8 10
-5 -4 14
3 4 14
1 2 14
-9 8 2
5 6 14
-1 0 14
-7 -6 14
-9 -8 14
-3 -2 14
7 8 14
6 8
5 6 13
-3 -2 13
-7 6 2
3 4 13
1 2 13
-1 0 13
-7 -6 13
-5 -4 13
4 6
1 2 13
-5 -4 13
-3 -2 13
3 4 13
-5 4 2
-1 0 13
3 5
-1 0 10
3 4 10
-3 4 1
-3 -2 10
1 2 10
9 11
0 1 9
4 5 9
2 3 9
-2 -1 9
6 7 9
-8 -7 9
-4 -3 9
-10 9 1
-10 -9 9
-6 -5 9
8 9 9
15 17
5 6 12
-9 -8 12
1 2 12
3 4 12
13 14 12
-15 -14 12
-7 -6 12
-13 -12 12
-5 -4 12
7 8 12
9 10 12
-11 -10 12
-3 -2 12
11 12 12
-15 16 1
15 16 12
-1 0 12
6 8
-7 6 1
1 2 7
-1 0 7
-3 -2 7
3 4 7
-7 -6 7
-5 -4 7
5 6 7
12 14
-12 13 3
4 5 8
-6 -5 8
-8 -7 8
8 9 8
-12 -11 8
12 13 8
-10 -9 8
2 3 8
-4 -3 8
0 1 8
-2 -1 8
6 7 8
10 11 8
9 11
-6 -5 9
-10 -9 9
-2 -1 9
8 9 9
4 5 9
-10 9 1
2 3 9
0 1 9
6 7 9
-4 -3 9
-8 -7 9
14 16
2 3 8
-14 -13 8
0 1 8
-12 -11 8
8 9 8
-2 -1 8
10 11 8
-6 -5 8
-10 -9 8
14 15 8
-4 -3 8
-14 15 2
-8 -7 8
4 5 8
12 13 8
6 7 8
8 10
-5 -4 9
-9 -8 9
1 2 9
5 6 9
-7 -6 9
-9 8 2
7 8 9
-1 0 9
-3 -2 9
3 4 9
1 20
19 20 13
-8 -7 1
-18 -7 8
1 8 15
-9 0 7
18 20 12
-2 19 12
3 6 12
-10 19 13
18 20 14
-4 20 18
-9 14 1
19 20 10
0 3 4
-16 -13 15
-16 -7 9
19 20 18
19 20 14
13 15 12
-14 14 20
2 5
12 18 10
-20 16 17
16 17 14
17 20 13
-5 -4 1
3 17
2 17 7
15 20 15
-7 0 9
-6 7 20
16 19 11
-18 -16 5
6 18 12
-16 -1 9
-3 13 12
-19 -14 3
12 16 7
1 7 18
6 12 20
-13 20 2
-11 -1 12
-10 -7 13
-18 1 3
5 13
-2 -1 1
-17 -14 5
0 2 17
16 18 11
2 12 15
18 20 20
-5 1 7
17 19 13
-4 3 16
15 18 12
4 9 7
-18 3 4
-19 -16 11
20 2
4 16 1
15 19 15
1 0
9 16
-7 11 14
-10 -8 17
-14 2 1
11 15 2
-10 7 20
-19 3 20
6 16 16
17 18 16
-18 2 6
9 10 20
12 14 7
-10 7 6
-12 -10 14
-4 16 6
-18 -14 13
-1 6 16
18 10
10 12 7
-19 -3 3
3 19 8
4 20 20
10 13 11
-11 -9 17
9 13 4
5 14 3
7 14 10
8 20 3
5 3
5 11 8
-16 -8 8
-13 -12 6
3 10
-16 10 16
8 11 14
-1 8 19
-3 20 10
0 3 9
-14 -3 12
-5 7 3
10 16 5
15 18 4
2 3 15
12 0
11 9
15 20 4
-17 10 1
8 9 16
11 15 19
-9 17 9
-13 5 8
11 12 11
9 13 17
2 18 12
7 3
10 15 11
-6 11 19
-6 -2 19
1 3
-9 -2 20
12 20 20
-9 8 20
5 13
4 5 5
8 19 13
-9 -1 19
0 18 4
-13 0 1
6 13 16
10 19 10
19 20 1
-13 -2 4
18 20 18
-5 9 18
8 20 11
4 16 20
15 14
19 20 7
-6 17 6
19 20 5
-11 -10 11
-8 -6 3
16 17 12
-9 2 14
17 19 5
4 15 20
8 13 4
15 16 6
10 16 20
2 20 13
-13 5 15
18 19
3 18 8
-3 11 11
-6 20 16
4 7 2
-5 15 9
1 17 15
-20 -1 16
18 20 7
13 15 16
7 14 4
11 18 3
8 19 6
14 20 13
-8 12 14
5 17 8
-16 1 3
-17 10 6
8 9 5
-6 6 16
20 15
8 16 2
18 19 18
18 19 14
0 5 2
8 10 18
-7 0 15
18 20 17
10 17 15
13 19 9
12 20 10
-18 3 10
-11 -2 16
14 17 13
5 13 17
-18 -15 4
13 13
16 19 5
-16 -8 17
1 15 17
17 19 19
1 20 8
-4 15 19
-5 3 11
1 5 5
6 12 9
-20 10 15
5 20 11
18 19 4
2 11 19
7 20
17 18 10
8 18 1
11 17 5
-19 12 7
3 12 10
-15 7 19
17 18 14
0 6 4
-4 18 19
8 18 19
-11 -3 13
-4 15 4
9 17 7
-15 3 5
11 14 13
-4 3 11
-18 -14 4
8 13 10
10 20 5
1 9 19
12 12
16 20 17
-15 -10 8
-2 -1 9
-16 11 3
18 20 7
16 18 8
7 15 1
11 15 13
-7 -5 7
6 13 8
6 13 4
3 6 19
8 6
9 13 17
-10 3 13
0 10 2
8 13 12
12 18 3
17 19 6
3 7
14 15 7
6 12 9
0 5 15
-2 19 3
-14 0 19
12 20 17
-5 18 20
11 13
9 13 7
12 19 7
-9 8 10
8 9 19
-3 3 16
-16 15 7
-10 16 15
-17 -2 5
-10 10 6
-20 16 2
-10 20 5
6 16 3
7 16 15
7 11
-4 19 13
8 20 14
11 17 10
-11 -4 4
16 18 16
19 20 5
4 18 14
0 7 19
-5 19 15
14 19 8
-15 13 1
17 9
-17 -12 18
18 20 20
-1 9 8
-19 19 17
-6 15 12
18 19 5
18 20 2
-17 8 5
4 16 2
12 10
5 16 19
17 19 1
-18 -5 20
-9 20 10
3 19 18
-2 10 1
-10 2 7
17 19 9
-5 10 19
5 19 17
20 15
-20 2 19
-14 13 8
11 19 5
-15 -4 17
-14 13 13
10 14 16
-2 10 13
-13 14 4
-16 -8 19
2 6 1
-2 4 16
-2 14 8
9 15 5
-6 14 19
-2 15 2
18 7
-9 15 1
11 18 18
3 7 11
1 17 20
-13 18 15
-6 9 11
-1 1 5
5 14
19 20 16
-7 2 8
6 20 4
-12 12 5
18 20 9
-18 9 19
19 20 8
16 18 4
3 10 6
-10 18 14
12 16 3
-15 9 13
1 17 6
5 7 7
12 3
-8 18 9
14 19 11
8 9 3
3 4
3 11 17
1 9 11
-5 19 2
18 19 11
3 17
13 18 13
-4 13 3
9 20 14
-5 0 12
12 19 19
-12 9 5
9 12 9
-13 0 7
-8 -7 15
-11 8 8
-18 -5 11
-8 3 11
19 20 17
-1 17 3
-5 14 14
13 17 15
10 19 19
3 14
-5 2 1
-8 -1 2
-15 7 3
17 20 11
2 7 8
-5 13 19
18 19 3
0 8 5
7 15 3
6 19 9
-2 18 5
-17 12 3
-13 1 15
13 14 9
1 3
18 20 7
6 20 14
-5 20 19
17 6
12 17 10
-20 -18 7
-10 -9 14
-14 10 17
-16 -11 12
-3 17 19
5 6
12 15 9
-15 -5 11
6 20 7
18 19 11
3 9 17
-6 7 6
14 9
19 20 20
15 16 20
16 17 6
-9 -1 16
6 20 4
13 15 8
-17 -12 7
-9 0 19
16 19 14
9 4
3 13 12
-17 -9 3
-19 18 18
-10 0 7
4 10
15 20 9
7 8 8
-16 1 16
-11 15 15
15 20 8
-20 12 5
9 13 6
4 7 14
6 11 7
-1 20 12
4 8
-4 -3 16
-3 -2 15
-2 -1 14
-1 0 13
0 1 12
1 2 11
2 3 10
3 4 9
4 9
-5 -4 14
-4 -3 13
-3 -2 12
-2 -1 11
-1 0 10
0 1 9
1 2 8
2 3 7
3 4 6
4 9
-4 -3 9
-3 -2 10
-2 -1 11
-1 0 12
0 1 13
1 2 14
2 3 15
3 4 16
4 5 17
6 12
-6 -5 13
-5 -4 12
-4 -3 11
-3 -2 10
-2 -1 9
-1 0 8
0 1 7
1 2 6
2 3 5
3 4 4
4 5 3
5 6 2
6 13
-7 -6 15
-6 -5 14
-5 -4 13
-4 -3 12
-3 -2 11
-2 -1 10
-1 0 9
0 1 8
1 2 7
2 3 6
3 4 5
4 5 4
5 6 3
8 17
-9 -8 1
-8 -7 2
-7 -6 3
-6 -5 4
-5 -4 5
-4 -3 6
-3 -2 7
-2 -1 8
-1 0 9
0 1 10
1 2 11
2 3 12
3 4 13
4 5 14
5 6 15
6 7 16
7 8 17
5 10
-5 -4 8
-4 -3 9
-3 -2 10
-2 -1 11
-1 0 12
0 1 13
1 2 14
2 3 15
3 4 16
4 5 17
6 13
-6 -5 14
-5 -4 13
-4 -3 12
-3 -2 11
-2 -1 10
-1 0 9
0 1 8
1 2 7
2 3 6
3 4 5
4 5 4
5 6 3
6 7 2
8 16
-8 -7 2
-7 -6 3
-6 -5 4
-5 -4 5
-4 -3 6
-3 -2 7
-2 -1 8
-1 0 9
0 1 10
1 2 11
2 3 12
3 4 13
4 5 14
5 6 15
6 7 16
7 8 17
5 10
-5 -4 14
-4 -3 13
-3 -2 12
-2 -1 11
-1 0 10
0 1 9
1 2 8
2 3 7
3 4 6
4 5 5
6 12
-6 -5 7
-5 -4 8
-4 -3 9
-3 -2 10
-2 -1 11
-1 0 12
0 1 13
1 2 14
2 3 15
3 4 16
4 5 17
5 6 18
2 4
-2 -1 9
-1 0 10
0 1 11
1 2 12
7 15
-7 -6 3
-6 -5 4
-5 -4 5
-4 -3 6
-3 -2 7
-2 -1 8
-1 0 9
0 1 10
1 2 11
2 3 12
3 4 13
4 5 14
5 6 15
6 7 16
7 8 17
1 4
-2 -1 11
-1 0 10
0 1 9
1 2 8
8 16
-8 -7 1
-7 -6 2
-6 -5 3
-5 -4 4
-4 -3 5
-3 -2 6
-2 -1 7
-1 0 8
0 1 9
1 2 10
2 3 11
3 4 12
4 5 13
5 6 14
6 7 15
7 8 16
7 14
-7 -6 14
-6 -5 13
-5 -4 12
-4 -3 11
-3 -2 10
-2 -1 9
-1 0 8
0 1 7
1 2 6
2 3 5
3 4 4
4 5 3
5 6 2
6 7 1
4 10
-5 -4 1
-4 -3 2
-3 -2 3
-2 -1 4
-1 0 5
0 1 6
1 2 7
2 3 8
3 4 9
4 5 10
3 7
-3 -2 2
-2 -1 3
-1 0 4
0 1 5
1 2 6
2 3 7
3 4 8
6 14
-7 -6 2
-6 -5 3
-5 -4 4
-4 -3 5
-3 -2 6
-2 -1 7
-1 0 8
0 1 9
1 2 10
2 3 11
3 4 12
4 5 13
5 6 14
6 7 15
2 5
-3 -2 6
-2 -1 7
-1 0 8
0 1 9
1 2 10
5 10
-4 -3 10
-5 -4 11
2 3 4
-2 -1 8
-1 0 7
-3 -2 9
0 1 6
4 5 2
1 2 5
3 4 3
8 16
4 5 5
5 6 4
7 8 2
3 4 6
-4 -3 13
1 2 8
-6 -5 15
0 1 9
2 3 7
-3 -2 12
-5 -4 14
6 7 3
-8 -7 17
-7 -6 16
-1 0 10
-2 -1 11
2 4
-1 0 7
1 2 5
-2 -1 8
0 1 6
6 13
-1 0 8
-7 -6 2
-4 -3 5
4 5 13
-5 -4 4
3 4 12
0 1 9
-3 -2 6
-2 -1 7
5 6 14
-6 -5 3
1 2 10
2 3 11
5 10
-1 0 7
-5 -4 3
-4 -3 4
2 3 10
-2 -1 6
-3 -2 5
1 2 9
4 5 12
0 1 8
3 4 11
4 10
0 1 6
-3 -2 9
3 4 3
-5 -4 11
4 5 2
-2 -1 8
-4 -3 10
-1 0 7
1 2 5
2 3 4
3 6
-1 0 8
2 3 5
1 2 6
-3 -2 10
0 1 7
-2 -1 9
2 5
1 2 11
-2 -1 14
2 3 10
0 1 12
-1 0 13
7 16
-5 -4 6
-4 -3 7
5 6 16
4 5 15
1 2 12
-1 0 10
-6 -5 5
-2 -1 9
2 3 13
3 4 14
-7 -6 4
7 8 18
-8 -7 3
6 7 17
0 1 11
-3 -2 8
2 6
-3 -2 8
2 3 3
-2 -1 7
0 1 5
1 2 4
-1 0 6
5 11
-4 -3 10
-1 0 13
-6 -5 8
-3 -2 11
0 1 14
2 3 16
3 4 17
4 5 18
1 2 15
-2 -1 12
-5 -4 9
7 16
0 1 8
1 2 7
3 4 5
-8 -7 16
7 8 1
-4 -3 12
5 6 3
-7 -6 15
4 5 4
-6 -5 14
-3 -2 11
-2 -1 10
-1 0 9
6 7 2
-5 -4 13
2 3 6
1 3
0 1 10
-1 0 9
-2 -1 8
1 4
-2 -1 17
1 2 14
-1 0 16
0 1 15
8 16
1 2 12
-8 -7 3
7 8 18
-6 -5 5
-1 0 10
5 6 16
0 1 11
-7 -6 4
-4 -3 7
2 3 13
3 4 14
-3 -2 8
-5 -4 6
-2 -1 9
6 7 17
4 5 15
3 8
-4 -3 2
2 3 8
-1 0 5
1 2 7
3 4 9
0 1 6
-2 -1 4
-3 -2 3
5 10
3 4 9
2 3 10
-3 -2 15
0 1 12
-2 -1 14
1 2 11
-1 0 13
-4 -3 16
4 5 8
-5 -4 17
6 12
-6 -5 12
-1 0 7
-3 -2 9
0 1 6
3 4 3
1 2 5
-5 -4 11
4 5 2
-4 -3 10
-2 -1 8
5 6 1
2 3 4
6 13
-5 -4 4
6 7 15
3 4 12
2 3 11
4 5 13
-6 -5 3
-2 -1 7
0 1 9
-4 -3 5
-3 -2 6
5 6 14
-1 0 8
1 2 10
3 7
-1 0 4
-3 -2 6
2 3 1
-4 -3 7
1 2 2
-2 -1 5
0 1 3
16 15
4 7 14
1 14 14
-8 7 13
1 17 2
-18 -7 18
-20 -5 2
-10 -9 20
-15 -6 8
3 13 10
14 19 1
-19 0 8
10 15 5
18 20 19
-17 8 3
-20 20 20
10 10
-18 -9 2
18 20 6
-6 11 1
3 17 11
11 12 19
-17 -12 2
-1 17 17
-16 11 16
-4 19 19
-18 20 19
6 14
-2 7 20
-9 8 8
14 16 19
-1 3 6
-15 0 13
12 17 17
19 20 17
-2 7 13
19 20 16
-8 20 16
-20 7 18
3 7 4
-20 17 17
-20 20 20
5 12
-15 0 13
-9 -4 11
-5 9 1
-1 0 9
6 8 20
8 20 1
-16 4 19
9 13 18
7 20 14
14 20 18
11 15 17
-16 20 20
19 13
1 10 12
12 16 4
7 14 13
-14 14 9
-6 -3 19
18 19 15
15 20 14
-4 -3 14
-1 20 17
15 19 5
-1 6 8
11 15 3
-14 20 19
6 20
-1 3 19
14 17 1
-2 15 9
-7 -5 12
10 16 8
-3 6 12
-5 -3 10
0 18 6
12 16 6
14 15 19
18 19 20
-4 6 20
6 17 9
-20 -16 14
-10 1 12
17 20 10
-12 -4 18
-5 1 2
7 12 12
-20 20 20
18 5
-19 8 13
-17 -14 15
-1 1 13
0 17 4
-19 17 15
1 5
-2 4 19
-15 1 7
-7 18 7
3 11 11
-15 18 19
16 8
-15 8 6
17 20 16
15 19 19
-11 17 18
-3 14 8
-5 8 5
-20 12 13
-20 20 19
1 17
8 11 4
7 12 8
18 20 18
4 18 4
12 13 5
-4 4 3
-4 15 8
19 20 11
-19 20 2
0 20 20
12 17 13
-10 1 3
-8 9 2
-7 13 17
-7 -1 15
-17 -13 8
-19 20 20
19 6
15 17 19
13 16 8
-19 12 17
-4 18 9
14 18 11
-19 18 19
7 13
11 18 1
-15 19 18
-7 19 10
-8 17 5
-9 3 4
-15 -8 3
-16 -7 4
-2 10 12
6 9 18
-3 20 12
-6 13 15
17 19 9
-16 20 18
3 12
19 20 2
10 15 8
5 14 6
-8 2 12
7 13 10
-4 14 19
-15 0 10
5 15 12
-2 8 5
18 19 10
-17 18 7
-17 20 19
12 14
5 19 15
-8 10 13
-10 16 18
-2 20 3
4 9 16
17 18 7
18 19 18
-18 2 20
-10 6 6
13 15 11
2 19 16
-18 2 11
10 16 8
-18 20 20
18 3
10 18 15
-14 -3 13
-14 18 15
3 2
12 18 4
12 18 4
3 14
-20 -10 2
4 10 9
-13 -10 20
8 19 17
8 10 13
8 14 14
12 17 20
-19 -18 14
7 19 17
7 20 9
5 15 20
9 19 17
2 16 6
-20 20 20
14 12
-4 5 19
-7 6 15
-7 8 7
-11 -7 5
18 19 15
-2 7 7
-12 13 14
15 17 5
11 13 12
13 15 3
-17 -1 13
-17 19 19
11 6
-4 16 5
-4 -3 3
-1 18 18
1 17 12
-11 10 15
-11 18 18
3 12
18 19 13
18 19 9
-13 14 20
-18 6 17
-5 6 17
7 14 8
-19 8 12
6 9 19
8 9 7
2 14 17
10 12 7
-19 19 20
3 19
5 13 1
11 19 18
-7 -2 3
18 19 1
19 20 19
14 20 1
-3 16 20
8 14 17
8 20 6
-5 2 16
5 7 15
-9 10 9
17 20 18
14 20 9
19 20 14
7 19 1
13 18 17
14 18 7
-9 20 20
20 16
-20 2 11
14 19 3
5 11 19
6 16 6
-7 8 19
-20 20 20
-7 14 13
-5 17 3
11 13 9
15 16 5
12 17 20
-18 16 5
19 20 3
-9 12 9
-16 10 1
-10 8 7
8 5
-13 11 11
-18 -16 1
-18 11 19
-11 11 19
-15 9 7
9 8
-19 -7 9
-19 20 16
13 20 16
17 18 1
18 19 6
-18 -17 15
5 7 2
14 19 16
16 13
18 20 18
-15 -3 10
12 16 18
-4 0 3
-18 20 18
16 17 3
-1 19 11
2 17 15
-16 -1 17
-16 -15 14
-1 1 14
-18 -3 1
-14 -13 16
20 2
7 8 11
7 8 11
15 5
14 16 10
-14 -11 14
-14 20 14
7 20 12
-4 8 8
7 18
-7 20 8
9 15 7
5 6 18
-14 20 20
8 17 18
12 19 15
10 18 8
6 10 6
17 20 7
-6 -5 9
-1 11 13
-9 -1 7
19 20 15
-12 17 20
-14 8 9
10 11 14
17 18 7
19 20 16
18 13
-1 4 10
13 15 12
15 20 11
7 14 20
-8 12 8
-12 -3 17
-5 11 6
12 15 8
-12 20 20
15 20 15
8 20 17
-6 11 20
13 18 5
10 5
7 8 17
16 18 17
-1 18 17
-1 18 17
1 2 16
11 9
10 13 3
-15 20 18
16 20 9
12 19 18
1 2 8
-15 -12 15
-6 -1 14
12 18 4
4 17 18
11 13
19 20 8
-7 0 16
-5 13 2
3 18 17
18 19 11
-17 17 12
-17 20 20
15 20 3
-11 5 17
-5 14 19
-17 17 3
5 18 20
-6 -4 4
1 19
1 14 11
-12 19 5
15 20 11
-1 9 6
1 12 3
-20 16 2
-12 -11 18
-14 -12 12
13 16 10
-20 5 4
14 20 3
11 14 2
-3 17 3
-6 19 20
8 9 17
6 9 9
-20 20 20
14 17 10
-13 -4 19
17 14
-11 -5 1
-13 8 3
5 9 8
13 20 14
-13 0 7
-2 12 14
12 13 1
-17 19 12
-7 16 11
6 7 6
-17 20 16
19 20 8
7 15 16
0 5 9
12 4
2 12 7
-12 20 7
-12 -1 7
1 20 4
6 18
-6 1 20
-18 20 20
13 20 6
4 20 18
13 17 1
-15 -11 8
-6 10 18
-18 -15 4
-5 18 15
-1 19 16
13 20 1
-11 3 20
-11 -6 6
3 20 16
-6 4 8
19 20 5
-5 6 4
-17 -14 1
12 14
-3 6 11
-12 11 16
13 17 15
0 9 18
-6 12 18
-1 16 19
4 17 4
9 10 9
-19 11 11
-1 12 5
-17 6 8
18 20 6
2 16 15
-19 20 19
20 13
-4 18 11
-2 9 20
0 13 12
-20 19 20
0 9 2
5 15 5
-13 15 7
-11 15 8
18 19 15
-20 16 5
-14 -2 3
-2 15 12
-12 6 7
4 14
-1 0 8
-15 18 6
14 18 3
-20 18 18
-18 -4 12
-4 15 16
12 16 12
-15 9 4
12 16 10
-3 13 5
-20 9 1
-15 2 18
-8 10 14
9 18 5
12 12
-11 -6 13
-16 8 17
-20 20 18
11 14 11
-12 -3 18
1 13 16
-16 -5 17
-19 -18 1
16 18 6
-20 1 2
19 20 11
3 6 16
0 0
